-1.2202415515409406
-1.5335670046579384
-0.6643561135317104
0.42241003030782076
-1.2348082439157588
-1.6130711888011346
1.1158369990067076
0.5332726468864702
-1.162978299438498
1.154718677004905
-0.007714482824586985
-1.5668130588951277
-0.1669301496315015
0.31420186357162155
-1.4156501613217518
-0.28797092644552175
0.9786013108124108
-0.40128901015591334
-1.9868086789953618
-2.2905957104625516
0.5292703898676867
0.06001378843153203
0.42126197709667085
-0.3299239539668751
0.5550116209107451
-0.04980052795899337
0.33758138586960684
-1.346356923070991
-0.10658254980287564
-1.2716383390770276
-1.1047734037309833
-0.15321542983316153
-1.5587133654256817
0.6607324977146062
0.29699304365642176
-1.743889090300268
-0.6490677978795032
0.9395206257538317
-1.459069912470977
-0.4935742186990185
-0.25639709229459845
1.595953071570258
-0.5016714203573821
0.8900706679125663
2.6894000401053546
-0.9307812676810545
-0.30303802563614707
0.8118956391215916
-0.4504397620057698
0.9738635866821119
0.2978637155635127
-0.6183319218353915
-0.0044882306507004355
-0.6777580027803929
0.6090646712739547
-0.5692610768879821
-0.9447956499235995
0.01672369299868882
-1.0323433357969505
-0.5311233450670535
0.10601302497953143
1.72911427863084
-1.7714089061182574
-1.0402566860866083
-0.2631311733970474
-0.37882825447705154
-0.4768922641046656
-2.140784367133713
-0.3501553363486471
1.6098925690599228
-0.9174931908917283
-0.8887726034051675
-0.6933640165540319
-0.884023720995098
-1.9978632964635117
-1.0046150852719706
-1.5587992278964444
1.3137543154917795
1.870058410095097
-0.45103585040121075
-0.04814919577921965
0.20337060627368464
0.14216568439841962
0.7701669330939209
-0.8354331903983608
0.27937544121789776
-0.22406100469038154
-1.402083639791957
-1.7216846723400663
-1.4323810850736327
-1.959396224500315
-0.9178668770820443
-1.251622490623329
-0.959527783444269
-0.7472158977587878
-1.0942320476639735
1.1045656916484847
-0.4628891530394705
1.2028864260089245
-1.0510111066759582
-0.16696320686422178
0.03067540284704007
-0.8670748353265954
0.4032709564266906
-0.6738472213127285
2.2566045530146046
0.7827839080533738
-0.5249513492323401
0.39967786769736374
0.040346278941292536
0.08051485830117755
-1.7777164874493367
1.2256773419622156
-0.870308893098034
1.0120505863313354
-0.07345145918825369
-0.24904935330536893
0.13638692248857723
1.4634939151022477
0.4018196834076522
-0.9968157575547965
-0.1728098866656982
0.5732157280273893
-0.4671287832978101
-0.11387896202967954
0.3887516272883371
-1.896197487829281
-1.4350628369814469
-0.5117577042398206
-1.0928148176493653
1.7584469877571935
0.10398341587288074
-1.1398582174744103
0.1502296519039314
0.5627571881058483
0.42343129255519624
-0.9194379415939906
-1.4069420946301325
-1.712228920818827
-1.0358205281996238
-0.6156679680082744
-2.0354520541185304
0.8827161755462436
0.8749837141478481
-0.2747135275145066
-0.34950193781980643
2.409094664834888
-1.850197281229512
-0.7214514094703978
-1.6060720459930724
0.701259067670435
-0.0897039683752247
0.891434289351092
-0.4638470986845163
-0.1389552246793453
0.6522163451955735
0.5577974947382427
2.130477156603139
0.44993098643090446
-0.06639244995247617
-0.9496016352754542
-0.7732191579382321
-0.270657905672988
1.8260023424139091
-2.6527232795031135
-0.876302376781409
0.16845772905355147
-1.0968807382366332
-0.48112915071247203
0.050988594840531656
-1.0036558899306993
-0.8678922821539304
-1.1223182751603873
-0.2650132027616159
-0.6204888071789922
-0.5645766863859398
0.715554843248477
0.6679340523770876
1.2887287767872644
0.3659080730543668
-1.8619547994703596
-0.7262332939831629
-0.841902819206114
-1.1440318148780217
0.22838402942630426
0.3517366150005122
-0.3762621754612669
-1.813820534799841
-0.8413284824775425
-0.123700905581478
-0.37481344871662897
1.1166151946106566
-0.8932103301093978
-1.7193900346203197
-0.9324348298477215
1.1412515070044738
0.40576493466022007
-1.061084992179815
0.11334598344979313
-1.7376114064675212
0.9586982950970707
-0.012029917040523775
0.18369137610599343
-1.0843727627179278
0.7240826717781194
-1.100103471183446
-0.8786820483082736
0.552361762084089
0.31864700097029525
1.0570205106625392
-1.2360235256266408
1.4113072836386067
-0.9106973605767222
-2.1473607978682066
-1.2048767028825993
-0.43228711227618555
1.1135023050241195
-1.3202241060938762
-0.33676722230676465
0.1850495732431175
0.08069735548738043
-1.3585803615427665
0.2542068536924484
1.1503125249094237
-0.5914190381581512
1.4924032293784315
-1.5925703458682767
-1.1282554412352603
0.10840118794106461
-0.6792787586396463
-0.1682812856135327
0.20609840120909476
-0.6521455124665043
0.2837563895137469
-0.3535093182016595
-1.0027703667287617
1.1176428294257295
-1.0215740292080702
-1.1078460807831776
-0.2787333360919797
-1.5779284180437643
-0.6950880809810782
0.8065876185557399
-1.394028257739304
-1.0047812589897593
1.4419871974774456
0.9429242729914691
-1.005739290980616
-1.240388176852851
-1.4804127806682648
-1.430092278231963
1.263419879898219
-2.6488462044238292
-1.6562957945617143
0.3024157512201806
0.4465052635324452
0.2853861091748817
0.02691128272115974
0.45930353566307563
-1.5626761262274396
0.6332032016018767
-1.3761628979900946
-0.6073262403269125
0.919534765935276
-0.2527217698293836
1.6147254283391483
0.3424241493798035
-0.1854231118750474
-0.10628701200028506
0.3867360373853799
0.15696652498285937
0.5961070319717212
-1.414476391107488
-0.2821981861859609
-2.1110045307538576
-2.167296595207766
-0.11877636015154108
1.0595675175117318
0.4459055353288532
0.48480190934052525
-0.2099078741085448
-1.5262964333098563
-1.124848997124005
-2.370611696977353
1.5165601268051863
-1.3068502862687164
1.3549170229433087
-1.2172762916544977
-1.160861807284416
-0.16227824696854198

